128
1 109
1 98
1 80
1 55
1 31
2 127
2 123
2 113
2 111
2 93
2 75
2 45
2 10
3 5
4 124
4 104
4 40
4 26
4 21
4 18
4 9
5 87
5 48
5 3
6 89
6 71
6 60
6 23
6 13
7 99
7 91
7 14
8 128
8 100
8 91
8 88
8 73
8 62
8 43
8 19
9 124
9 104
9 21
9 18
9 4
10 116
10 113
10 111
10 93
10 75
10 53
10 45
10 41
10 38
10 30
10 24
10 20
10 2
11 85
11 59
11 50
11 42
11 17
12 37
12 32
13 96
13 89
13 71
13 60
13 6
14 7
15 77
15 54
15 40
15 29
16 33
17 85
17 50
17 11
18 124
18 104
18 40
18 26
18 21
18 9
18 4
19 101
19 100
19 78
19 73
19 43
19 39
19 8
20 126
20 116
20 115
20 113
20 94
20 82
20 69
20 58
20 53
20 46
20 45
20 38
20 30
20 25
20 24
20 10
21 124
21 104
21 49
21 40
21 26
21 18
21 9
21 4
22 118
22 86
22 82
22 61
22 36
23 89
23 71
23 60
23 56
23 6
24 116
24 113
24 93
24 61
24 53
24 41
24 38
24 30
24 20
24 10
25 118
25 116
25 94
25 86
25 82
25 61
25 58
25 53
25 46
25 38
25 36
25 30
25 20
26 124
26 104
26 40
26 21
26 18
26 4
27 128
27 110
27 108
27 88
27 76
28 126
28 123
28 115
28 99
28 92
28 91
28 68
28 66
28 62
28 52
29 77
29 54
29 15
30 116
30 113
30 93
30 82
30 61
30 58
30 53
30 41
30 38
30 25
30 24
30 20
30 10
31 120
31 103
31 98
31 44
31 1
32 37
32 12
33 16
34 121
36 118
36 86
36 82
36 61
36 38
36 25
36 22
37 47
37 32
37 12
38 116
38 113
38 86
38 82
38 61
38 53
38 41
38 36
38 30
38 25
38 24
38 20
38 10
39 125
39 114
39 105
39 100
39 78
39 73
39 19
40 124
40 26
40 21
40 18
40 15
40 4
41 116
41 53
41 38
41 30
41 24
41 10
42 85
42 81
42 63
42 59
42 50
42 11
43 128
43 114
43 100
43 91
43 73
43 62
43 19
43 8
44 120
44 119
44 103
44 98
44 72
44 57
44 31
45 126
45 123
45 115
45 113
45 92
45 69
45 66
45 52
45 20
45 10
45 2
46 118
46 94
46 83
46 82
46 58
46 53
46 25
46 20
47 37
48 5
49 104
49 21
50 85
50 81
50 63
50 42
50 17
50 11
52 126
52 123
52 115
52 99
52 92
52 91
52 69
52 68
52 66
52 62
52 45
52 28
53 116
53 113
53 94
53 86
53 82
53 69
53 61
53 58
53 46
53 41
53 38
53 30
53 25
53 24
53 20
53 10
54 77
54 29
54 15
55 103
55 98
55 67
55 57
55 1
56 106
56 95
56 89
56 60
56 23
57 103
57 98
57 67
57 55
57 44
58 118
58 116
58 94
58 86
58 83
58 82
58 69
58 61
58 53
58 46
58 30
58 25
58 20
59 85
59 42
59 11
60 106
60 95
60 89
60 71
60 56
60 23
60 13
60 6
61 118
61 116
61 86
61 82
61 58
61 53
61 38
61 36
61 30
61 25
61 24
61 22
62 99
62 92
62 91
62 88
62 76
62 68
62 52
62 43
62 28
62 8
63 81
63 50
63 42
64 122
64 70
64 67
65 125
65 97
66 126
66 123
66 115
66 92
66 69
66 68
66 52
66 45
66 28
67 122
67 64
67 57
67 55
68 123
68 92
68 91
68 88
68 76
68 66
68 62
68 52
68 28
69 126
69 123
69 115
69 94
69 83
69 66
69 58
69 53
69 52
69 45
69 20
70 122
70 64
71 96
71 89
71 60
71 23
71 13
71 6
72 120
72 119
72 44
73 101
73 100
73 78
73 43
73 39
73 19
73 8
74 117
74 114
74 105
74 97
74 79
75 127
75 113
75 111
75 107
75 93
75 10
75 2
76 128
76 92
76 88
76 68
76 62
76 27
77 54
77 29
77 15
78 125
78 114
78 105
78 101
78 100
78 97
78 73
78 39
78 19
79 110
79 108
79 102
79 90
79 74
80 109
80 102
80 90
80 1
81 63
81 50
81 42
82 118
82 116
82 94
82 86
82 61
82 58
82 53
82 46
82 38
82 36
82 30
82 25
82 22
82 20
83 94
83 69
83 58
83 46
84 127
84 111
84 96
84 93
85 59
85 50
85 42
85 17
85 11
86 118
86 116
86 82
86 61
86 58
86 53
86 38
86 36
86 25
86 22
87 5
88 128
88 92
88 91
88 76
88 68
88 62
88 27
88 8
89 71
89 60
89 56
89 23
89 13
89 6
90 110
90 109
90 108
90 102
90 80
90 79
91 99
91 92
91 88
91 68
91 62
91 52
91 43
91 28
91 8
91 7
92 126
92 123
92 115
92 107
92 91
92 88
92 76
92 68
92 66
92 62
92 52
92 45
92 28
93 127
93 113
93 111
93 84
93 75
93 30
93 24
93 10
93 2
94 116
94 83
94 82
94 69
94 58
94 53
94 46
94 25
94 20
95 106
95 60
95 56
96 127
96 111
96 84
96 71
96 13
97 125
97 117
97 105
97 78
97 74
97 65
98 109
98 103
98 57
98 55
98 44
98 31
98 1
99 91
99 62
99 52
99 28
99 7
100 114
100 101
100 78
100 73
100 43
100 39
100 19
100 8
101 100
101 78
101 73
101 19
102 90
102 80
102 79
103 98
103 57
103 55
103 44
103 31
104 124
104 49
104 26
104 21
104 18
104 9
104 4
105 125
105 117
105 97
105 78
105 74
105 39
106 95
106 60
106 56
107 127
107 92
107 75
108 110
108 109
108 90
108 79
108 27
109 108
109 98
109 90
109 80
109 1
110 108
110 90
110 79
110 27
111 127
111 96
111 93
111 84
111 75
111 10
111 2
113 126
113 123
113 116
113 115
113 93
113 75
113 53
113 45
113 38
113 30
113 24
113 20
113 10
113 2
114 100
114 78
114 74
114 43
114 39
115 126
115 123
115 113
115 92
115 69
115 66
115 52
115 45
115 28
115 20
116 113
116 94
116 86
116 82
116 61
116 58
116 53
116 41
116 38
116 30
116 25
116 24
116 20
116 10
117 105
117 97
117 74
118 86
118 82
118 61
118 58
118 46
118 36
118 25
118 22
119 72
119 44
120 72
120 44
120 31
121 34
122 70
122 67
122 64
123 126
123 115
123 113
123 92
123 69
123 68
123 66
123 52
123 45
123 28
123 2
124 104
124 40
124 26
124 21
124 18
124 9
124 4
125 105
125 97
125 78
125 65
125 39
126 123
126 115
126 113
126 92
126 69
126 66
126 52
126 45
126 28
126 20
127 111
127 107
127 96
127 93
127 84
127 75
127 2
128 88
128 76
128 43
128 27
128 8